Model Name,Model Coverage,Model Average Backbone Error,Model Twisted Peptide Count,Model Twisted Peptide Frac,Model cis/trans Flips,Model cis/trans Flip Frac,Model Average Sidechain Error,Template Name,Template Coverage,Template Average Backbone Error,Template Twisted Peptide Count,Template Twisted Peptide Frac,Template cis/trans Flips,Template cis/trans Flip Frac,Template Average Sidechain Error
starting_model,1.000,20.029,13,0.133,0,0.000,36.891,N/A,N/A,N/A,N/A,N/A,N/A,N/A,N/A
R0993s2TS460_1,1.000,18.830,0,0.000,0,0.000,36.675,T0993s2TS246_1-D1,1.000,20.029,13,0.133,0,0.000,36.891
R0993s2TS288_3,1.000,23.406,0,0.000,0,0.000,39.924,T0993s2TS246_1-D1,1.000,20.029,13,0.133,0,0.000,36.891
R0993s2TS425_1,1.000,15.654,0,0.000,0,0.000,36.601,T0993s2TS246_1-D1,1.000,20.029,13,0.133,0,0.000,36.891
R0993s2TS281_2,1.000,18.361,0,0.000,0,0.000,40.155,T0993s2TS246_1-D1,1.000,20.029,13,0.133,0,0.000,36.891
R0993s2TS086_2,1.000,17.639,0,0.000,1,0.010,34.447,T0993s2TS246_1-D1,1.000,20.029,13,0.133,0,0.000,36.891
R0993s2TS390_4,1.000,18.105,0,0.000,0,0.000,39.151,T0993s2TS246_1-D1,1.000,20.029,13,0.133,0,0.000,36.891
R0993s2TS344_2,1.000,22.255,0,0.000,0,0.000,43.406,T0993s2TS246_1-D1,1.000,20.029,13,0.133,0,0.000,36.891
R0993s2TS112_5,1.000,19.293,0,0.000,0,0.000,31.231,T0993s2TS246_1-D1,1.000,20.029,13,0.133,0,0.000,36.891
R0993s2TS433_4,1.000,26.069,8,0.082,0,0.000,108.061,T0993s2TS246_1-D1,1.000,20.029,13,0.133,0,0.000,36.891
R0993s2TS358_3,1.000,19.814,8,0.082,0,0.000,35.809,T0993s2TS246_1-D1,1.000,20.029,13,0.133,0,0.000,36.891
R0993s2TS359_4,1.000,31.427,43,0.439,1,0.010,39.064,T0993s2TS246_1-D1,1.000,20.029,13,0.133,0,0.000,36.891
R0993s2TS460_2,1.000,18.827,0,0.000,0,0.000,36.682,T0993s2TS246_1-D1,1.000,20.029,13,0.133,0,0.000,36.891
R0993s2TS195_1,1.000,22.591,1,0.010,0,0.000,33.211,T0993s2TS246_1-D1,1.000,20.029,13,0.133,0,0.000,36.891
R0993s2TS288_2,1.000,22.904,0,0.000,0,0.000,39.331,T0993s2TS246_1-D1,1.000,20.029,13,0.133,0,0.000,36.891
R0993s2TS492_5,1.000,20.762,0,0.000,0,0.000,46.875,T0993s2TS246_1-D1,1.000,20.029,13,0.133,0,0.000,36.891
R0993s2TS156_5,1.000,17.158,0,0.000,0,0.000,38.048,T0993s2TS246_1-D1,1.000,20.029,13,0.133,0,0.000,36.891
R0993s2TS328_2,1.000,23.864,0,0.000,0,0.000,41.260,T0993s2TS246_1-D1,1.000,20.029,13,0.133,0,0.000,36.891
R0993s2TS328_5,1.000,21.427,2,0.020,0,0.000,41.572,T0993s2TS246_1-D1,1.000,20.029,13,0.133,0,0.000,36.891
R0993s2TS190_2,1.000,16.529,0,0.000,0,0.000,37.729,T0993s2TS246_1-D1,1.000,20.029,13,0.133,0,0.000,36.891
R0993s2TS068_5,1.000,16.553,0,0.000,0,0.000,36.995,T0993s2TS246_1-D1,1.000,20.029,13,0.133,0,0.000,36.891
R0993s2TS190_3,1.000,16.789,0,0.000,0,0.000,37.180,T0993s2TS246_1-D1,1.000,20.029,13,0.133,0,0.000,36.891
R0993s2TS208_3,1.000,21.010,0,0.000,0,0.000,38.467,T0993s2TS246_1-D1,1.000,20.029,13,0.133,0,0.000,36.891
R0993s2TS196_2,1.000,32.583,51,0.520,2,0.020,38.822,T0993s2TS246_1-D1,1.000,20.029,13,0.133,0,0.000,36.891
R0993s2TS328_4,1.000,20.226,0,0.000,0,0.000,41.825,T0993s2TS246_1-D1,1.000,20.029,13,0.133,0,0.000,36.891
R0993s2TS433_2,1.000,20.096,13,0.133,0,0.000,108.061,T0993s2TS246_1-D1,1.000,20.029,13,0.133,0,0.000,36.891
R0993s2TS117_2,1.000,22.243,0,0.000,0,0.000,47.147,T0993s2TS246_1-D1,1.000,20.029,13,0.133,0,0.000,36.891
R0993s2TS102_1,1.000,18.815,0,0.000,0,0.000,36.909,T0993s2TS246_1-D1,1.000,20.029,13,0.133,0,0.000,36.891
R0993s2TS112_2,1.000,19.517,0,0.000,0,0.000,35.609,T0993s2TS246_1-D1,1.000,20.029,13,0.133,0,0.000,36.891
R0993s2TS356_4,1.000,18.235,0,0.000,0,0.000,27.409,T0993s2TS246_1-D1,1.000,20.029,13,0.133,0,0.000,36.891
R0993s2TS102_5,1.000,17.759,0,0.000,0,0.000,36.640,T0993s2TS246_1-D1,1.000,20.029,13,0.133,0,0.000,36.891
R0993s2TS217_2,1.000,22.402,0,0.000,0,0.000,38.045,T0993s2TS246_1-D1,1.000,20.029,13,0.133,0,0.000,36.891
R0993s2TS328_3,1.000,20.552,0,0.000,0,0.000,34.761,T0993s2TS246_1-D1,1.000,20.029,13,0.133,0,0.000,36.891
R0993s2TS390_5,1.000,18.355,1,0.010,0,0.000,41.157,T0993s2TS246_1-D1,1.000,20.029,13,0.133,0,0.000,36.891
R0993s2TS190_5,1.000,16.002,0,0.000,0,0.000,37.215,T0993s2TS246_1-D1,1.000,20.029,13,0.133,0,0.000,36.891
R0993s2TS344_4,1.000,23.816,0,0.000,0,0.000,45.191,T0993s2TS246_1-D1,1.000,20.029,13,0.133,0,0.000,36.891
R0993s2TS425_4,1.000,19.309,0,0.000,0,0.000,34.426,T0993s2TS246_1-D1,1.000,20.029,13,0.133,0,0.000,36.891
R0993s2TS356_1,1.000,20.013,0,0.000,0,0.000,37.060,T0993s2TS246_1-D1,1.000,20.029,13,0.133,0,0.000,36.891
R0993s2TS431_3,1.000,19.917,0,0.000,0,0.000,34.132,T0993s2TS246_1-D1,1.000,20.029,13,0.133,0,0.000,36.891
R0993s2TS390_3,1.000,17.349,0,0.000,0,0.000,35.853,T0993s2TS246_1-D1,1.000,20.029,13,0.133,0,0.000,36.891
R0993s2TS068_4,1.000,16.496,0,0.000,0,0.000,35.029,T0993s2TS246_1-D1,1.000,20.029,13,0.133,0,0.000,36.891
R0993s2TS156_4,1.000,17.371,0,0.000,0,0.000,34.368,T0993s2TS246_1-D1,1.000,20.029,13,0.133,0,0.000,36.891
R0993s2TS431_4,1.000,19.297,2,0.020,1,0.010,39.287,T0993s2TS246_1-D1,1.000,20.029,13,0.133,0,0.000,36.891
R0993s2TS312_2,1.000,17.038,0,0.000,0,0.000,37.871,T0993s2TS246_1-D1,1.000,20.029,13,0.133,0,0.000,36.891
R0993s2TS281_1,1.000,19.399,0,0.000,0,0.000,42.131,T0993s2TS246_1-D1,1.000,20.029,13,0.133,0,0.000,36.891
R0993s2TS328_1,1.000,19.995,2,0.020,0,0.000,39.637,T0993s2TS246_1-D1,1.000,20.029,13,0.133,0,0.000,36.891
R0993s2TS359_2,1.000,32.583,51,0.520,2,0.020,38.822,T0993s2TS246_1-D1,1.000,20.029,13,0.133,0,0.000,36.891
R0993s2TS425_5,1.000,18.389,0,0.000,0,0.000,30.467,T0993s2TS246_1-D1,1.000,20.029,13,0.133,0,0.000,36.891
R0993s2TS492_2,1.000,21.870,0,0.000,0,0.000,43.682,T0993s2TS246_1-D1,1.000,20.029,13,0.133,0,0.000,36.891
R0993s2TS217_1,1.000,28.313,0,0.000,0,0.000,39.442,T0993s2TS246_1-D1,1.000,20.029,13,0.133,0,0.000,36.891
R0993s2TS312_5,1.000,17.687,0,0.000,0,0.000,42.292,T0993s2TS246_1-D1,1.000,20.029,13,0.133,0,0.000,36.891
R0993s2TS270_2,1.000,21.729,1,0.010,1,0.010,36.197,T0993s2TS246_1-D1,1.000,20.029,13,0.133,0,0.000,36.891
R0993s2TS086_5,1.000,17.110,0,0.000,1,0.010,33.441,T0993s2TS246_1-D1,1.000,20.029,13,0.133,0,0.000,36.891
R0993s2TS086_3,1.000,17.388,0,0.000,1,0.010,31.357,T0993s2TS246_1-D1,1.000,20.029,13,0.133,0,0.000,36.891
R0993s2TS460_4,1.000,18.823,0,0.000,0,0.000,36.729,T0993s2TS246_1-D1,1.000,20.029,13,0.133,0,0.000,36.891
R0993s2TS102_2,1.000,17.722,0,0.000,0,0.000,37.586,T0993s2TS246_1-D1,1.000,20.029,13,0.133,0,0.000,36.891
R0993s2TS431_1,1.000,22.159,3,0.031,0,0.000,36.944,T0993s2TS246_1-D1,1.000,20.029,13,0.133,0,0.000,36.891
R0993s2TS156_1,1.000,17.037,0,0.000,0,0.000,38.442,T0993s2TS246_1-D1,1.000,20.029,13,0.133,0,0.000,36.891
R0993s2TS358_4,1.000,19.441,6,0.061,0,0.000,37.708,T0993s2TS246_1-D1,1.000,20.029,13,0.133,0,0.000,36.891
R0993s2TS288_1,1.000,24.111,0,0.000,0,0.000,43.108,T0993s2TS246_1-D1,1.000,20.029,13,0.133,0,0.000,36.891
R0993s2TS270_1,1.000,23.478,1,0.010,1,0.010,36.850,T0993s2TS246_1-D1,1.000,20.029,13,0.133,0,0.000,36.891
R0993s2TS433_3,1.000,20.028,13,0.133,0,0.000,108.061,T0993s2TS246_1-D1,1.000,20.029,13,0.133,0,0.000,36.891
R0993s2TS312_3,1.000,17.618,0,0.000,0,0.000,41.704,T0993s2TS246_1-D1,1.000,20.029,13,0.133,0,0.000,36.891
R0993s2TS492_3,1.000,18.710,0,0.000,0,0.000,39.739,T0993s2TS246_1-D1,1.000,20.029,13,0.133,0,0.000,36.891
R0993s2TS433_1,1.000,20.014,13,0.133,0,0.000,108.061,T0993s2TS246_1-D1,1.000,20.029,13,0.133,0,0.000,36.891
R0993s2TS112_1,1.000,19.417,1,0.010,0,0.000,37.477,T0993s2TS246_1-D1,1.000,20.029,13,0.133,0,0.000,36.891
R0993s2TS425_2,1.000,18.313,0,0.000,0,0.000,37.140,T0993s2TS246_1-D1,1.000,20.029,13,0.133,0,0.000,36.891
R0993s2TS102_3,1.000,18.628,1,0.010,0,0.000,41.979,T0993s2TS246_1-D1,1.000,20.029,13,0.133,0,0.000,36.891
R0993s2TS112_3,1.000,19.656,0,0.000,0,0.000,33.808,T0993s2TS246_1-D1,1.000,20.029,13,0.133,0,0.000,36.891
R0993s2TS492_1,1.000,20.642,0,0.000,0,0.000,33.783,T0993s2TS246_1-D1,1.000,20.029,13,0.133,0,0.000,36.891
R0993s2TS102_4,1.000,17.695,0,0.000,0,0.000,32.646,T0993s2TS246_1-D1,1.000,20.029,13,0.133,0,0.000,36.891
R0993s2TS344_1,1.000,22.726,2,0.020,0,0.000,42.216,T0993s2TS246_1-D1,1.000,20.029,13,0.133,0,0.000,36.891
R0993s2TS344_5,1.000,21.398,0,0.000,0,0.000,36.527,T0993s2TS246_1-D1,1.000,20.029,13,0.133,0,0.000,36.891
R0993s2TS068_1,1.000,16.122,0,0.000,0,0.000,34.774,T0993s2TS246_1-D1,1.000,20.029,13,0.133,0,0.000,36.891
R0993s2TS270_3,1.000,21.259,2,0.020,0,0.000,37.899,T0993s2TS246_1-D1,1.000,20.029,13,0.133,0,0.000,36.891
R0993s2TS344_3,1.000,22.653,0,0.000,0,0.000,42.722,T0993s2TS246_1-D1,1.000,20.029,13,0.133,0,0.000,36.891
R0993s2TS492_4,1.000,20.219,0,0.000,0,0.000,40.911,T0993s2TS246_1-D1,1.000,20.029,13,0.133,0,0.000,36.891
R0993s2TS196_4,1.000,31.427,43,0.439,1,0.010,39.064,T0993s2TS246_1-D1,1.000,20.029,13,0.133,0,0.000,36.891
R0993s2TS460_3,1.000,18.586,0,0.000,0,0.000,36.742,T0993s2TS246_1-D1,1.000,20.029,13,0.133,0,0.000,36.891
R0993s2TS356_3,1.000,17.090,0,0.000,0,0.000,28.768,T0993s2TS246_1-D1,1.000,20.029,13,0.133,0,0.000,36.891
R0993s2TS190_4,1.000,16.305,0,0.000,0,0.000,39.471,T0993s2TS246_1-D1,1.000,20.029,13,0.133,0,0.000,36.891
R0993s2TS196_1,1.000,33.004,50,0.510,2,0.020,39.642,T0993s2TS246_1-D1,1.000,20.029,13,0.133,0,0.000,36.891
R0993s2TS156_2,1.000,17.804,0,0.000,0,0.000,38.467,T0993s2TS246_1-D1,1.000,20.029,13,0.133,0,0.000,36.891
R0993s2TS190_1,1.000,17.079,0,0.000,0,0.000,39.469,T0993s2TS246_1-D1,1.000,20.029,13,0.133,0,0.000,36.891
R0993s2TS359_5,1.000,30.278,43,0.439,1,0.010,39.155,T0993s2TS246_1-D1,1.000,20.029,13,0.133,0,0.000,36.891
R0993s2TS312_1,1.000,17.492,0,0.000,0,0.000,40.556,T0993s2TS246_1-D1,1.000,20.029,13,0.133,0,0.000,36.891
R0993s2TS359_1,1.000,33.004,50,0.510,2,0.020,39.642,T0993s2TS246_1-D1,1.000,20.029,13,0.133,0,0.000,36.891
R0993s2TS288_4,1.000,23.059,0,0.000,0,0.000,43.316,T0993s2TS246_1-D1,1.000,20.029,13,0.133,0,0.000,36.891
R0993s2TS068_3,1.000,18.663,0,0.000,0,0.000,36.915,T0993s2TS246_1-D1,1.000,20.029,13,0.133,0,0.000,36.891
R0993s2TS086_1,1.000,16.601,0,0.000,1,0.010,36.440,T0993s2TS246_1-D1,1.000,20.029,13,0.133,0,0.000,36.891
R0993s2TS358_1,1.000,18.747,8,0.082,0,0.000,40.854,T0993s2TS246_1-D1,1.000,20.029,13,0.133,0,0.000,36.891
R0993s2TS356_5,1.000,17.347,0,0.000,0,0.000,36.151,T0993s2TS246_1-D1,1.000,20.029,13,0.133,0,0.000,36.891
R0993s2TS460_5,1.000,18.751,0,0.000,0,0.000,36.642,T0993s2TS246_1-D1,1.000,20.029,13,0.133,0,0.000,36.891
R0993s2TS208_5,1.000,22.371,0,0.000,0,0.000,37.941,T0993s2TS246_1-D1,1.000,20.029,13,0.133,0,0.000,36.891
R0993s2TS004_1,1.000,18.133,0,0.000,0,0.000,35.941,T0993s2TS246_1-D1,1.000,20.029,13,0.133,0,0.000,36.891
R0993s2TS431_2,1.000,18.206,0,0.000,0,0.000,36.023,T0993s2TS246_1-D1,1.000,20.029,13,0.133,0,0.000,36.891
R0993s2TS117_1,1.000,22.419,0,0.000,0,0.000,47.360,T0993s2TS246_1-D1,1.000,20.029,13,0.133,0,0.000,36.891
R0993s2TS086_4,1.000,17.073,1,0.010,0,0.000,33.735,T0993s2TS246_1-D1,1.000,20.029,13,0.133,0,0.000,36.891
R0993s2TS156_3,1.000,17.402,0,0.000,0,0.000,38.220,T0993s2TS246_1-D1,1.000,20.029,13,0.133,0,0.000,36.891
R0993s2TS196_3,1.000,32.005,43,0.439,1,0.010,39.247,T0993s2TS246_1-D1,1.000,20.029,13,0.133,0,0.000,36.891
R0993s2TS358_5,1.000,19.745,10,0.102,0,0.000,39.723,T0993s2TS246_1-D1,1.000,20.029,13,0.133,0,0.000,36.891
R0993s2TS217_3,1.000,24.940,0,0.000,0,0.000,34.022,T0993s2TS246_1-D1,1.000,20.029,13,0.133,0,0.000,36.891
R0993s2TS425_3,1.000,18.636,0,0.000,0,0.000,33.865,T0993s2TS246_1-D1,1.000,20.029,13,0.133,0,0.000,36.891
R0993s2TS312_4,1.000,17.552,0,0.000,0,0.000,39.092,T0993s2TS246_1-D1,1.000,20.029,13,0.133,0,0.000,36.891
R0993s2TS431_5,1.000,20.729,0,0.000,0,0.000,45.140,T0993s2TS246_1-D1,1.000,20.029,13,0.133,0,0.000,36.891
R0993s2TS358_2,1.000,18.471,6,0.061,0,0.000,36.242,T0993s2TS246_1-D1,1.000,20.029,13,0.133,0,0.000,36.891
R0993s2TS208_1,1.000,22.187,0,0.000,0,0.000,38.330,T0993s2TS246_1-D1,1.000,20.029,13,0.133,0,0.000,36.891
R0993s2TS112_4,1.000,18.847,0,0.000,0,0.000,35.886,T0993s2TS246_1-D1,1.000,20.029,13,0.133,0,0.000,36.891
R0993s2TS208_4,1.000,22.277,0,0.000,0,0.000,38.264,T0993s2TS246_1-D1,1.000,20.029,13,0.133,0,0.000,36.891
R0993s2TS270_4,1.000,19.304,0,0.000,0,0.000,38.237,T0993s2TS246_1-D1,1.000,20.029,13,0.133,0,0.000,36.891
R0993s2TS390_1,1.000,18.009,0,0.000,0,0.000,39.865,T0993s2TS246_1-D1,1.000,20.029,13,0.133,0,0.000,36.891
R0993s2TS356_2,1.000,19.843,0,0.000,0,0.000,34.392,T0993s2TS246_1-D1,1.000,20.029,13,0.133,0,0.000,36.891
R0993s2TS208_2,1.000,22.395,0,0.000,0,0.000,38.748,T0993s2TS246_1-D1,1.000,20.029,13,0.133,0,0.000,36.891
R0993s2TS288_5,1.000,23.459,0,0.000,0,0.000,39.994,T0993s2TS246_1-D1,1.000,20.029,13,0.133,0,0.000,36.891
R0993s2TS390_2,1.000,17.726,0,0.000,0,0.000,37.063,T0993s2TS246_1-D1,1.000,20.029,13,0.133,0,0.000,36.891
R0993s2TS068_2,1.000,19.423,0,0.000,0,0.000,37.227,T0993s2TS246_1-D1,1.000,20.029,13,0.133,0,0.000,36.891
R0993s2TS359_3,1.000,32.005,43,0.439,1,0.010,39.247,T0993s2TS246_1-D1,1.000,20.029,13,0.133,0,0.000,36.891
R0993s2TS196_5,1.000,30.278,43,0.439,1,0.010,39.155,T0993s2TS246_1-D1,1.000,20.029,13,0.133,0,0.000,36.891
R0993s2TS270_5,1.000,21.619,0,0.000,1,0.010,36.780,T0993s2TS246_1-D1,1.000,20.029,13,0.133,0,0.000,36.891
R0993s2TS433_5,1.000,26.025,8,0.082,0,0.000,108.061,T0993s2TS246_1-D1,1.000,20.029,13,0.133,0,0.000,36.891
